3638519800929436614
11981813670152897637
16309641241298289439
1862923524421131754
15401092403815928924
13077183553262132876
1300321489431425244
3798067412709870205
8739634759111404756
3251133538412856172
9730054333399753549
14015149996596155404
15556182996981150895
18430746783919048050
18430746783919048050
18430746783919048050
18430746783919048050
18430746783919048050
17699714371321222738
12643671727882867201
7481188928908416699
5036725206768918717
439817410860193721
13868734324170811165
13868734324170811165
13868734324170811165
13868734324170811165
5231111586681478888
2851573279868904152
3865172665805596912
6457050548468971094:6457050548468971094
